A 26 145 1709 80 17 4
A 923 254 546 111 15 0
A 757 875 15 874 10 3
A 1644 1044 1036 918 13 4
A 1309 224 132 897 17 0
A 707 771 1689 229 20 2
A 1502 524 1738 450 17 3
A 1023 417 630 98 17 1
A 746 156 533 763 20 0
A 1886 752 1182 153 15 2
A 824 919 258 424 10 3
A 1717 779 35 351 17 1
A 1803 321 1337 656 12 1
A 75 294 503 18 12 1
A 1591 289 724 73 18 4
A 741 272 1161 338 13 3
A 993 401 812 590 15 3
A 1668 60 644 762 15 3
A 1333 149 638 688 14 0
A 1133 140 1257 991 19 5
A 333 109 263 516 12 0
A 1268 175 1301 212 14 1
A 1894 276 111 290 13 2
A 639 426 1004 527 12 1
A 818 408 372 27 20 5
A 1377 119 286 169 16 3
A 946 672 141 630 17 2
A 915 78 884 784 17 0
A 597 398 1112 5 13 3
A 1782 947 232 579 13 0
A 746 670 1092 947 14 5
A 1295 727 464 515 10 5
A 242 195 634 455 10 1
A 428 173 884 550 20 2
A 155 685 605 51 17 0
A 925 161 1812 1034 11 0
A 1519 9 1088 3 16 0
A 1471 51 501 224 16 4
A 1200 417 1121 860 12 3
A 255 65 58 851 12 4
A 1219 941 332 947 19 4
A 1573 226 882 738 19 5
A 1432 988 1122 893 19 5
A 479 427 1417 685 18 1
A 650 655 1586 914 19 1
A 1158 782 1484 760 19 4
A 388 883 1791 523 13 3
A 659 893 1757 119 19 3
A 165 596 3 517 17 3
A 829 91 1469 343 11 0
A 81 2 1540 125 15 2
A 1637 848 82 308 14 5
A 1665 430 753 21 16 5
A 835 50 232 1060 10 5
A 1230 741 829 405 14 3
A 805 731 1680 297 13 4
A 645 956 1250 633 19 4
A 1678 956 1030 293 10 2
A 349 732 858 470 14 1
A 43 567 630 664 11 2
A 1462 560 775 833 18 2
A 740 395 1449 308 12 1
A 1152 446 1651 508 11 4
A 651 471 1079 710 14 3
A 1544 3 1607 212 11 0
A 155 964 1021 1019 11 4
A 1581 115 885 178 15 2
A 1118 572 1297 698 18 4
A 720 534 1269 334 18 3
A 822 940 1139 763 20 5
A 435 329 572 326 12 2
A 55 484 1830 340 15 4
A 1203 622 160 749 20 0
A 567 161 999 949 16 1
A 1274 794 1245 236 20 2
A 671 906 1050 874 19 2
A 1296 82 1696 184 18 2
A 1094 151 383 343 10 1
A 93 412 1172 285 13 0
A 1026 474 1432 834 17 4
A 513 373 612 703 17 4
A 1272 670 1721 736 10 1
A 1900 61 258 361 14 0
A 1520 635 1089 40 20 1
A 1519 916 394 349 13 5
A 1408 841 1608 994 16 5
A 1131 397 1880 913 15 5
A 1410 384 782 146 20 1
A 1135 830 307 675 20 1
A 1200 101 1573 15 14 3
A 236 121 1879 969 17 4
A 758 394 546 364 17 3
A 294 509 549 176 11 1
A 1854 36 595 909 14 0
A 497 495 84 997 11 1
A 575 585 1167 781 14 2
A 1091 201 659 151 17 2
A 539 485 1393 623 14 2
A 1162 460 74 349 17 5
A 461 267 1827 1057 12 2
T 1220 117 5
T 548 952 11
T 893 100 20
