A 1854 712 295 315 19 5
A 1340 987 1281 16 11 2
A 1698 611 1717 537 19 2
A 1702 148 1017 257 11 2
A 126 858 1209 252 18 0
A 486 589 1418 892 18 5
A 1528 698 721 177 14 1
A 1582 643 1105 942 15 4
A 900 685 1296 863 13 1
A 1187 529 717 188 12 3
A 605 474 220 323 14 3
A 1289 875 1605 583 14 0
A 207 247 1228 773 19 2
A 469 593 218 978 16 0
A 1408 297 1445 555 15 3
A 48 574 1438 983 10 5
A 304 487 558 882 19 0
A 1494 1060 203 3 17 1
A 1060 216 1899 479 11 1
A 764 693 1307 820 15 0
A 1811 130 468 251 10 2
A 1797 663 1456 533 11 5
A 327 484 2 547 17 1
A 775 822 1694 331 16 3
A 1362 873 62 444 10 3
A 611 467 1790 327 16 5
A 271 160 165 796 12 5
A 1712 370 963 26 17 0
A 46 295 1188 679 19 3
A 1340 397 44 389 15 3
A 100 837 1705 589 20 3
A 813 1052 1055 1048 13 5
A 1441 780 358 534 17 0
A 231 797 1200 827 18 3
A 349 248 714 385 13 0
A 1495 563 1085 35 17 0
A 1728 105 1323 110 16 5
A 981 634 1550 570 15 2
A 1886 936 1468 227 18 3
A 481 619 346 587 11 0
A 1738 951 565 479 14 0
A 935 42 558 482 13 5
A 910 859 727 1039 16 2
A 85 550 154 30 17 0
A 517 676 1357 631 12 2
A 1706 870 333 1025 19 2
A 160 623 192 203 16 1
A 1139 366 1085 693 11 4
A 1188 193 835 775 12 1
A 834 36 1564 606 16 5
A 401 522 1129 602 17 5
A 153 267 667 353 13 1
A 1451 390 1369 408 12 4
A 485 256 408 179 18 1
A 1732 408 12 758 13 5
A 21 710 347 1028 12 0
A 526 394 1231 293 10 0
A 341 832 1677 526 19 3
A 1432 721 1738 4 10 4
A 182 883 1254 370 12 3
A 40 469 1786 601 11 3
A 1367 260 1612 844 17 4
A 64 121 1098 30 11 4
A 1307 91 182 643 13 4
A 874 38 670 170 20 2
A 488 981 1753 245 16 0
A 1181 641 1119 689 15 4
A 817 661 190 530 15 1
A 1890 284 859 288 13 5
A 1220 807 698 592 15 2
A 592 170 217 850 18 3
A 917 491 396 871 12 5
A 116 914 385 649 17 4
A 1843 67 111 291 20 0
A 1333 747 916 111 11 3
A 1795 1019 169 161 16 5
A 1364 82 1642 262 10 2
A 285 1032 298 484 17 2
A 1667 387 1590 914 11 0
A 1778 782 804 148 20 0
A 1009 183 1624 758 13 0
A 1620 14 1773 748 17 0
A 1883 811 146 214 10 1
A 1885 333 1547 708 13 2
A 104 1010 165 811 10 1
A 153 893 901 20 15 3
A 1701 357 1792 522 13 1
A 27 70 796 970 10 0
A 1746 1043 55 257 16 4
A 1627 700 487 338 20 3
A 492 211 383 155 15 4
A 1774 403 47 851 15 1
A 228 146 1126 467 10 1
A 966 335 964 28 20 4
A 1618 47 939 491 15 5
A 1302 551 136 838 16 5
A 1038 18 799 1004 18 4
A 1125 869 202 249 15 3
A 678 356 1353 938 12 3
A 1649 382 1097 52 13 0
T 355 811 8
T 605 480 16
T 1340 677 5
T 1423 185 13
T 1732 545 16
